train_net: "logreg_auto_train.prototxt"
test_net: "logreg_auto_test.prototxt"
test_iter: 250
test_interval: 1000
base_lr: 0.00999999977648
display: 1000
max_iter: 10000
lr_policy: "step"
gamma: 0.10000000149
momentum: 0.899999976158
weight_decay: 0.000500000023749
stepsize: 5000
snapshot: 10000
snapshot_prefix: "data/train"
solver_mode: CPU
