train_net: "net/mnist_train.prototxt"
test_net: "net/mnist_test.prototxt"
test_iter: 100
test_interval: 500
base_lr: 0.00999999977648
display: 1000
max_iter: 10000
lr_policy: "inv"
gamma: 9.99999974738e-05
power: 0.75
momentum: 0.899999976158
weight_decay: 0.000500000023749
snapshot: 5000
snapshot_prefix: "net/custom_net"
solver_mode: CPU
random_seed: 831486
type: "SGD"
